100 613618
6197
7519
16862
24380
27442
38776
44272
62349
79415
90543
100223
135059
138325
149666
149797
153193
185597
187947
202536
213672
222177
233921
234642
264134
268424
272577
279307
283258
287352
304823
313257
324970
340820
344051
348024
366641
377220
387218
394572
426131
438878
463821
464717
472971
483550
486540
494038
503863
537250
550779
559511
574508
589238
590994
596863
601736
602819
619222
622504
643304
650768
653813
677245
680682
682349
687251
695909
699192
705254
710437
747713
751750
756316
771924
774068
794238
817726
818911
835351
837103
857480
869071
873051
877822
881050
893070
912070
917058
920176
946360
947371
958779
961508
965552
968881
978081
979221
990023
991948
993834
